500 55444
37507 11571
49741 1355
22541 54448
4658 29699
29469 33536
52427 7391
17086 45093
50002 30717
17381 8199
2933 4414
17769 44135
26979 49619
13767 19869
54018 54732
4529 3904
48861 44514
15348 13768
42254 20066
34410 43754
41159 29764
55366 1934
32012 49522
7761 24731
37528 42521
17603 21603
6322 27331
15245 22476
20140 45424
4792 21600
50376 45467
16390 33329
44677 22116
49696 31226
18193 18683
43559 41014
15834 13467
40975 27683
25713 39723
43176 16231
3186 39453
47272 47905
45834 53755
52887 26882
45936 37810
18949 32581
29220 4340
26423 16848
24873 15299
3360 667
14226 16505
54480 44432
53989 39298
14567 9641
37252 41267
39694 12156
53633 15485
51638 17402
32642 37924
21958 22864
26337 1239
41018 8242
44589 34826
11412 33015
202 53613
20935 39918
3648 21033
4369 21148
43548 44939
7993 4611
3922 25206
3528 31401
32407 41257
40892 9322
40266 16419
37061 31249
55421 39040
28948 38689
43072 48011
35878 47034
51229 52158
16069 36323
18987 37509
21002 38041
27752 41047
1388 54891
37739 48799
33774 51788
8842 24711
9120 53228
54601 28157
4397 15655
7103 29770
41417 48681
13014 33467
52203 10553
41041 30078
5027 32460
6882 27338
49614 16425
24776 38269
12843 54136
28157 49411
7425 12307
52581 5685
38219 17993
34254 18277
547 43509
31301 10469
19738 10699
31885 24813
13392 21952
48652 32896
55369 40253
42724 20957
20232 5938
35521 16563
15390 19940
23442 32332
51796 17461
34249 27351
32754 1806
40723 54826
38473 5391
7675 2712
47148 17314
47041 679
47278 28149
21270 42257
17516 52404
3074 15477
18905 10252
29391 6999
48510 53519
16723 9565
22900 4342
15651 1755
53579 44858
38339 28705
46879 28363
53676 1136
29053 50899
16736 1001
32857 34076
30311 8034
8465 39005
36429 41480
14574 5326
1306 7089
10013 17880
54351 23089
31617 42814
2551 49579
28519 2989
55371 42371
30277 7015
37187 38383
13733 42977
26299 31945
31937 44131
53832 5513
40625 4037
34926 32778
41560 45101
22778 53377
9983 47219
27323 1947
39662 40533
22983 29498
11648 2985
576 53056
20697 4733
30971 31152
9413 29816
52474 36747
16055 26042
9173 53862
6722 32141
19951 35088
50862 5285
47676 102
4368 17551
45321 15792
8192 25375
54862 50380
35178 53528
28944 54149
13482 32287
26338 8713
9144 14475
7412 17116
27843 31835
37367 32002
4173 42709
53143 52334
14037 21579
34011 26294
36619 20540
32110 4803
5304 7282
7831 38270
9286 50407
29350 20712
34194 44458
3821 12614
26644 54714
24508 2273
4840 39371
3367 3866
10736 1045
47928 1862
25221 29738
53458 35186
20531 38678
48819 23261
18368 4136
41956 11624
32185 11557
27927 11474
32907 53589
28971 39946
45598 43093
50492 27226
6814 44092
48870 9622
12992 22323
41291 50380
33277 45064
39015 34398
29883 48107
5802 26998
41904 1430
49407 39492
7782 20187
2799 10279
25032 13070
9320 8848
41219 50246
47691 47651
43418 1575
16609 50887
39830 30878
18006 46775
17252 46453
24437 9051
11143 1187
36893 11034
13624 39134
49985 46067
12828 31393
5049 6243
8328 21248
22994 8483
12094 7835
25664 34166
47688 32189
13428 44809
13349 81
52888 29894
13426 25974
8692 50366
9796 27961
47165 53252
1474 49113
43949 20385
5509 42237
55284 27300
5465 15762
34144 21712
31108 7350
26982 12363
16729 3386
46533 6150
18266 7334
31354 47006
16485 34104
33435 9857
4001 16730
12613 24939
22171 21604
50102 50991
31923 8044
43448 55089
9571 8703
53015 10189
26816 4848
35223 46767
21988 28153
6251 48015
2092 19798
43956 46697
436 39608
9326 25719
5892 52351
24437 36969
18652 31024
7025 32358
24158 546
47228 42654
8084 53541
4047 6566
16058 52997
27203 34915
43505 21777
4965 36456
9561 39469
20278 9673
9853 54923
32949 54572
14228 27182
41195 951
2943 42334
31630 50552
3033 46351
13733 11227
28690 48382
5620 7261
7235 55124
7762 13471
29807 18400
47070 1109
38493 17669
3589 39371
21191 35804
55143 9429
9559 43628
42785 52316
5440 28356
51370 24336
40526 12992
38853 22004
30904 41210
41914 45392
23612 35916
35876 42470
13101 28179
22931 7483
9008 7932
55366 33093
15402 50816
507 2772
911 16648
13781 37168
38510 950
10556 39303
29759 4060
4848 28980
19447 4487
24769 9765
2399 44571
53399 31444
22036 33818
27557 47705
46091 20768
43637 51985
4659 46749
52356 54221
50987 2213
2820 40963
21670 46282
47711 23841
24360 11322
35712 44303
32406 15108
34368 15787
10809 18465
26471 4697
24351 10671
7958 27217
4418 29539
23336 34862
36471 51761
23663 9376
9066 31995
32880 30777
40409 46786
35029 11698
13726 39368
45103 20930
2741 33289
29719 42193
23763 9287
19592 11264
15807 8918
45486 51793
36291 37700
51967 11162
6501 49574
1333 13764
24304 11186
36738 6024
41359 35374
991 49009
41772 49033
27080 8204
37399 16594
18328 22396
1913 13051
47325 1185
37721 35121
18897 4564
19469 24866
15030 10360
37638 19283
27727 5368
53120 40434
24774 26509
43341 23371
46030 28825
625 11198
42214 24153
14749 28295
42011 32822
36207 6245
26027 12729
29767 10977
13771 46880
47796 10623
46373 7374
20209 10749
19687 8925
13119 44997
23657 48552
41806 52530
37994 31328
50622 1456
50395 20482
30668 12333
40288 15544
2143 33393
7354 8676
43886 48726
33502 22145
44547 43047
20930 13869
17665 33930
30192 34528
27838 6365
48136 3050
40723 30165
2086 51089
9431 48230
20571 12710
17766 50752
4476 9950
25871 45381
53794 25600
23618 8658
27578 39809
16101 34829
42753 21071
38396 16281
51406 36079
20203 11648
38608 17963
10882 29481
25424 42584
16637 2943
40712 253
31495 42066
49428 28086
11421 29569
53081 48080
4120 48134
8977 3542
54600 34323
26511 41582
11417 13960
53522 45954
36215 53468
32524 44531
19936 12752
33373 8828
33077 4531
8668 27361
133 18038
25683 52758
33229 26479
44360 50415
34772 54974
26076 216
15472 21837
7082 40358
26245 53044
39336 52720
7418 15203
27649 9434
15903 30128
42431 4397
45596 27095
3763 31900
4691 49890
41525 34270
22745 51900
40327 37941
2226 50243
23411 6562
17813 16554
34928 33015
27039 9752
50112 43872
